fold,text,true,pred,correct,prob_A,prob_B,prob_C,prob_D,prob_E,prob_F,prob_G,prob_H,prob_J,prob_K,prob_L,prob_M,prob_T
0,"Praise the sea, but keep on land",A,H,0,0.066,0.0759,0.0773,0.0777,0.0789,0.0747,0.0778,0.0808,0.0776,0.0786,0.0767,0.0794,0.0786
0,Schön ist das Meer vom Ufer aus,A,H,0,0.0647,0.076,0.0778,0.0776,0.0786,0.0746,0.0784,0.0809,0.0772,0.0785,0.0772,0.0789,0.0794
0,"Fida terra, infidum mare (Latin)",A,H,0,0.0677,0.0762,0.0771,0.0773,0.0782,0.0745,0.0783,0.0809,0.077,0.0796,0.0758,0.0802,0.0773
0,"Loue la mer, et tiens-toi à la terre",A,H,0,0.0656,0.0768,0.0769,0.0771,0.0778,0.0746,0.0781,0.0827,0.0776,0.0784,0.0765,0.08,0.078
0,"Let him that knows not how to pray, go to sea",A,H,0,0.0669,0.0761,0.0773,0.0776,0.0786,0.0736,0.0781,0.0817,0.077,0.0795,0.076,0.0794,0.0781
0,"Wer nicht beten kann, werde ein Schiffsmann",A,H,0,0.0682,0.0758,0.077,0.078,0.0782,0.0744,0.0776,0.0806,0.0775,0.0789,0.0767,0.0795,0.0774
0,Das Meer lehrt beten,A,H,0,0.0657,0.0759,0.0775,0.0783,0.079,0.0756,0.0773,0.0803,0.0778,0.0781,0.0767,0.0791,0.0786
0,"Qui nescit orare, pergat ad mare (Latin)",A,H,0,0.0663,0.0771,0.0771,0.0776,0.0779,0.0743,0.0785,0.0812,0.0766,0.0794,0.0762,0.0794,0.0787
0,Heat breaks no bones,A,H,0,0.0636,0.0762,0.0778,0.078,0.0782,0.0752,0.0789,0.0816,0.0773,0.0782,0.0767,0.0792,0.0791
0,"Wärme bringt Leben, Kälte Tod",A,H,0,0.0674,0.0753,0.0776,0.0774,0.0788,0.075,0.0776,0.0796,0.0771,0.0786,0.0771,0.0794,0.0791
0,When it rains and the sun shines...,A,H,0,0.0674,0.0755,0.0777,0.0777,0.0791,0.0737,0.0783,0.0807,0.0772,0.0792,0.0763,0.0795,0.0777
0,"April weather, rain and sunshine both together",A,H,0,0.0668,0.0755,0.0777,0.0779,0.0786,0.0747,0.078,0.0804,0.0772,0.0786,0.0767,0.0793,0.0785
0,Mann soll den Tag nicht vor dem Abend loben,A,H,0,0.0653,0.0768,0.0771,0.0779,0.0779,0.0756,0.0781,0.0816,0.0769,0.0782,0.0766,0.0796,0.0783
0,Everything is possible for God,B,T,0,0.066,0.0755,0.0776,0.0774,0.0792,0.0755,0.077,0.0797,0.0776,0.078,0.0772,0.0793,0.0802
0,Cuncta potest facere deus (Latin),B,H,0,0.0657,0.0768,0.0772,0.0773,0.0783,0.0747,0.078,0.0809,0.0773,0.0791,0.0765,0.0802,0.078
0,Dio può tutto,B,M,0,0.0673,0.0752,0.0778,0.0773,0.0794,0.0746,0.077,0.0795,0.0777,0.0786,0.077,0.0796,0.0792
0,Good fortune comes to some people while they are asleep,B,H,0,0.0679,0.0754,0.0777,0.0775,0.0786,0.0738,0.0778,0.0813,0.0775,0.0793,0.0762,0.0797,0.0774
0,Gott gibt's den Seinen im Schlafe,B,H,0,0.0667,0.0763,0.0772,0.078,0.0781,0.0743,0.078,0.081,0.0775,0.0788,0.0767,0.0796,0.0777
0,La fortune vient en dormant,B,T,0,0.061,0.0769,0.0779,0.0777,0.0784,0.0765,0.0782,0.0809,0.0774,0.0771,0.0781,0.0784,0.0814
0,"Man is a creature who lives not upon bread alone, but principally by catchwords",B,H,0,0.0689,0.0754,0.0774,0.0775,0.0788,0.0735,0.0782,0.0812,0.0772,0.0796,0.0761,0.0797,0.0766
0,Non in solo pane vivit homo (Latin),B,H,0,0.0658,0.0767,0.0772,0.0778,0.0781,0.0748,0.0783,0.081,0.0769,0.0789,0.0762,0.0798,0.0783
0,The fated will happen,B,T,0,0.0659,0.0755,0.0778,0.0775,0.0791,0.0753,0.0772,0.0798,0.0774,0.0782,0.0772,0.0792,0.0798
0,No fence against ill fortune,B,H,0,0.0646,0.0756,0.0781,0.0779,0.0786,0.0751,0.0778,0.0806,0.0774,0.0784,0.0774,0.0792,0.0794
0,Seinem Schicksal kann niemand entgehen,B,H,0,0.0666,0.0755,0.0776,0.0776,0.0789,0.0741,0.0776,0.0807,0.0778,0.0785,0.0768,0.0797,0.0785
0,Inevitable est fatum (Latin),B,H,0,0.0661,0.0763,0.0775,0.0773,0.0784,0.0743,0.0781,0.081,0.0769,0.0788,0.0767,0.0799,0.0787
0,Nothing is so certain as the unexpected,B,H,0,0.0669,0.0753,0.0776,0.0774,0.0792,0.075,0.0772,0.0798,0.0774,0.0785,0.077,0.0793,0.0794
0,"Der Schlag kommt immer dann, wenn man ihn am wenigsten erwartet",B,H,0,0.0683,0.0758,0.077,0.077,0.0786,0.0741,0.0779,0.0806,0.0777,0.0792,0.0766,0.0798,0.0775
0,"Quid quisque vitet, nunquam homini satis cautum est in horas (Latin)",B,H,0,0.0661,0.0771,0.077,0.077,0.0777,0.0743,0.079,0.0818,0.0769,0.0792,0.0758,0.08,0.078
0,What can't be cured must be endured,B,H,0,0.066,0.0765,0.0775,0.0776,0.078,0.0747,0.0782,0.0813,0.0772,0.0793,0.0761,0.0805,0.077
0,Gnaw the bone which is fallen to thy lot,B,H,0,0.0654,0.0764,0.0775,0.0782,0.0783,0.0744,0.078,0.0819,0.0776,0.079,0.0761,0.0795,0.0777
0,We must take the world as we find it,B,H,0,0.0679,0.0755,0.0774,0.0772,0.0792,0.074,0.0775,0.0803,0.0777,0.0789,0.0767,0.0798,0.078
0,"Wer keinen Kalk hat, muss mit Lehm mauern",B,H,0,0.066,0.076,0.0775,0.078,0.0787,0.0741,0.0779,0.0808,0.0777,0.0784,0.0771,0.0796,0.0785
0,Tempori aptari decet (Latin),B,H,0,0.0656,0.0766,0.0774,0.0775,0.0781,0.0749,0.0782,0.0808,0.0768,0.0789,0.0765,0.0801,0.0786
0,Every man has his cross to bear,B,H,0,0.068,0.0755,0.0776,0.0772,0.0786,0.074,0.0775,0.0808,0.0778,0.0789,0.0764,0.0799,0.0778
0,Jeder hat sein Kreuz zu tragen,B,H,0,0.0663,0.0755,0.0775,0.0776,0.0789,0.0748,0.0775,0.0799,0.0775,0.0784,0.0772,0.0797,0.0792
0,Crux est generis omnis (Latin),B,H,0,0.066,0.0764,0.0775,0.0774,0.0783,0.0744,0.0781,0.0809,0.077,0.0788,0.0767,0.0797,0.0788
0,À chacun sa croix,B,T,0,0.0619,0.0766,0.0781,0.0776,0.079,0.0762,0.0775,0.0804,0.0773,0.077,0.078,0.0789,0.0814
0,"A blind man may, by fortune, catch a hare",B,H,0,0.0668,0.0757,0.0778,0.0777,0.0783,0.0738,0.0783,0.0816,0.0777,0.079,0.0764,0.0797,0.0772
0,Auch ein blindes Huhn findet mal ein Körnlein,B,H,0,0.0659,0.0762,0.0769,0.0782,0.0773,0.0745,0.0786,0.0811,0.077,0.0794,0.0778,0.0792,0.0779
0,Tal volta un ciero trova un ferro di cavallo,B,H,0,0.0629,0.077,0.0775,0.0777,0.0784,0.0748,0.0783,0.0816,0.0776,0.0787,0.0771,0.0798,0.0786
0,I matti hanno sempre un santo che li protegge,B,H,0,0.0658,0.0758,0.0776,0.0777,0.0785,0.0745,0.078,0.0806,0.0773,0.0788,0.0768,0.0797,0.0788
0,A blind man may perchance hit the mark,B,H,0,0.0669,0.076,0.0779,0.0776,0.0784,0.074,0.0778,0.0812,0.078,0.0789,0.0764,0.0798,0.077
0,One is not so soon healed as hurt,B,H,0,0.065,0.0758,0.0778,0.0777,0.0786,0.0752,0.0775,0.0805,0.0773,0.0783,0.0773,0.0793,0.0796
0,Fortune never turns the key to the poor,B,H,0,0.0676,0.0752,0.0776,0.0777,0.0794,0.0742,0.0777,0.0804,0.0779,0.0786,0.0763,0.0794,0.0779
0,An unlucky man would be drowned in a teacup,B,H,0,0.067,0.0756,0.078,0.0772,0.0784,0.0739,0.0788,0.082,0.0774,0.0789,0.0765,0.0795,0.0768
0,"Wer Pech hat, bricht sich den Finger in der Nase",B,H,0,0.0672,0.0759,0.0772,0.0778,0.0784,0.074,0.0778,0.0809,0.0775,0.079,0.0767,0.0796,0.0779
0,"Cui fortuna negat, laedit vel stramine crura (Latin)",B,H,0,0.0666,0.0769,0.0773,0.0775,0.0783,0.0744,0.0782,0.0813,0.077,0.0792,0.0761,0.0797,0.0775
0,Fortune favors fools,B,H,0,0.0629,0.0759,0.0782,0.078,0.0788,0.0761,0.0793,0.0824,0.0775,0.0776,0.0766,0.0788,0.078
0,The biggest fools have the best luck,B,H,0,0.0674,0.0751,0.0779,0.0776,0.0791,0.0739,0.0779,0.0806,0.0777,0.0788,0.0766,0.0794,0.0781
0,Fortune gains the bride,B,H,0,0.066,0.0756,0.0777,0.0777,0.0787,0.0749,0.0776,0.0806,0.0777,0.0786,0.0767,0.0792,0.0789
0,"Wer's Glück hat , führt die Braut heim",B,H,0,0.0676,0.0759,0.0771,0.0776,0.0785,0.0745,0.0783,0.0809,0.0772,0.0789,0.0763,0.0795,0.0777
0,"Cui fortuna favet, sponsa perita manet [venit] (Latin)",B,H,0,0.0664,0.0771,0.077,0.0773,0.0778,0.0739,0.0787,0.0815,0.0769,0.0794,0.0763,0.08,0.0778
0,"Whom God loves, his bitch brings forth pigs",B,H,0,0.0668,0.0758,0.0781,0.0783,0.0781,0.0732,0.0792,0.0828,0.0771,0.0795,0.0756,0.0792,0.0763
0,"Wer's Glück hat, dem legt der Hahn Eier",B,H,0,0.0671,0.076,0.0772,0.0781,0.078,0.0747,0.0783,0.081,0.0774,0.0786,0.0763,0.0797,0.0776
0,"Dum fortuna favet, parit et taurus vitulum (Latin)",B,H,0,0.0667,0.0765,0.0772,0.0775,0.078,0.0741,0.0785,0.0812,0.0767,0.0794,0.0762,0.0799,0.0781
0,"À qui la fortune est belle, son bœuf vêle",B,H,0,0.0646,0.0771,0.0767,0.0773,0.078,0.0747,0.0788,0.0827,0.0769,0.0785,0.0771,0.0793,0.0784
0,He dances merrily whom fortune pipes to,B,H,0,0.0665,0.0757,0.0778,0.0778,0.0787,0.0739,0.0783,0.0817,0.0775,0.0789,0.0762,0.0798,0.0774
0,"Wem das Glück pfeift, der tanzt wohl",B,H,0,0.0665,0.0756,0.0776,0.0779,0.0786,0.0742,0.0778,0.0805,0.0775,0.0788,0.077,0.0797,0.0783
0,Facile est dare vela secundis (Latin),B,H,0,0.064,0.0782,0.0771,0.0775,0.0775,0.0749,0.0786,0.0818,0.0767,0.079,0.0766,0.0795,0.0785
0,Nature passes nurture,C,H,0,0.065,0.0759,0.0776,0.0779,0.0789,0.0753,0.0782,0.0806,0.0775,0.078,0.0769,0.079,0.0792
0,Natura rerum humana arte non vincitur (Latin),C,H,0,0.0662,0.0764,0.0775,0.0773,0.0779,0.0746,0.0781,0.0812,0.0771,0.0788,0.0765,0.0799,0.0785
0,There is no sin but stupidity,C,H,0,0.0663,0.0754,0.0779,0.0778,0.0789,0.0748,0.0774,0.08,0.0774,0.0787,0.077,0.0794,0.0792
0,Mori morantur quocumque sub axe morantur (Latin),C,H,0,0.0662,0.0772,0.0769,0.0776,0.0778,0.0747,0.0785,0.0814,0.0774,0.0791,0.0758,0.08,0.0773
0,The wolf must die in his own skin,C,H,0,0.0671,0.0754,0.0777,0.0777,0.0788,0.0745,0.0776,0.0802,0.0778,0.0788,0.0766,0.0796,0.0783
0,Der Wolf stirbt in seiner Haut,C,H,0,0.0653,0.0758,0.0778,0.0778,0.079,0.0751,0.0775,0.0802,0.0775,0.0783,0.0769,0.0792,0.0797
0,"Le loup est toujours loup, et mourra dans sa peau",C,H,0,0.0661,0.076,0.0769,0.0772,0.0781,0.074,0.0784,0.0823,0.0774,0.0789,0.0769,0.0797,0.078
0,"Wenn der Edelstein auch in den Koth fällt, so bleibt er doch ein Edelstein",C,H,0,0.0687,0.0759,0.0765,0.0782,0.0773,0.0741,0.0782,0.0804,0.0768,0.0798,0.077,0.0797,0.0775
0,Every little helps,C,M,0,0.0681,0.0747,0.0777,0.0773,0.0794,0.0747,0.077,0.0793,0.0777,0.0786,0.0771,0.0796,0.0787
0,All is fish that comes to his net,C,H,0,0.0674,0.0754,0.0776,0.0775,0.0792,0.0741,0.0777,0.0807,0.0777,0.0789,0.0764,0.0795,0.078
0,"Alles zählt, auch das Geringste",C,H,0,0.0674,0.0753,0.0773,0.0776,0.0788,0.0752,0.0773,0.0799,0.0775,0.0785,0.0771,0.0792,0.0788
0,Tutto fa numero,C,T,0,0.0648,0.076,0.0777,0.0773,0.0788,0.0753,0.0775,0.0796,0.0776,0.0784,0.0775,0.0793,0.0802
0,It is not the healthy that need a doctor,C,H,0,0.0675,0.0751,0.0775,0.0773,0.079,0.0738,0.0779,0.0807,0.0776,0.0789,0.0766,0.0797,0.0781
0,Der Gesunde bedarf des Arztes nicht,C,H,0,0.066,0.0757,0.0774,0.0782,0.0788,0.0752,0.0774,0.0804,0.0778,0.0782,0.0769,0.0793,0.0788
0,Il sano non ha bisogno del medico,C,H,0,0.067,0.0754,0.0776,0.0774,0.0791,0.0744,0.0775,0.08,0.0778,0.0787,0.0767,0.0797,0.0788
0,"There comes nothing out of the sack, but what is in it",C,H,0,0.0674,0.0756,0.0776,0.0774,0.0789,0.0736,0.0781,0.081,0.077,0.0795,0.0762,0.0795,0.0781
0,Aus einem Mahlsack kann man keine Kohlen holen,C,H,0,0.067,0.0761,0.0771,0.0777,0.0785,0.0745,0.0775,0.081,0.0782,0.0786,0.0767,0.08,0.0772
0,"Quod supra nos, nihil ad nos (Latin)",C,H,0,0.0671,0.0761,0.0772,0.0777,0.0784,0.074,0.0783,0.0811,0.0771,0.0793,0.0762,0.0795,0.078
0,Il ne peut sortir du sac que ce qu'il y a,C,H,0,0.0675,0.0756,0.077,0.0769,0.0789,0.074,0.0778,0.0812,0.0774,0.0792,0.0764,0.0803,0.0776
0,"Hot soup, hot swallow",C,T,0,0.0637,0.0761,0.0779,0.0776,0.079,0.0769,0.0769,0.0801,0.0773,0.0766,0.0777,0.0788,0.0816
0,"Die Suppe, sie man sich einbrockt, muss man auch auslöffeln",C,H,0,0.0684,0.0763,0.0765,0.0775,0.0779,0.0745,0.078,0.0809,0.0773,0.0794,0.0766,0.0799,0.0769
0,"Tute hoc intristi, tibi omne est exedendum (Latin)",C,H,0,0.0658,0.0771,0.0771,0.0776,0.0779,0.0745,0.0785,0.0819,0.0769,0.0796,0.0757,0.0797,0.0778
0,"As you make your bed, so must you lie",C,H,0,0.0671,0.0755,0.0776,0.0777,0.0787,0.0743,0.0778,0.0805,0.0773,0.079,0.0768,0.0794,0.0784
0,"Wie man sich bettet, so schläft man",C,H,0,0.0669,0.076,0.0775,0.0774,0.0786,0.0742,0.0777,0.0807,0.0775,0.079,0.0768,0.0795,0.0782
0,"Comme on fait son lit, mal couche et gît",C,H,0,0.0663,0.076,0.0769,0.0772,0.0781,0.075,0.0777,0.0817,0.0778,0.0784,0.0763,0.0803,0.0781
0,Every sore has its salve,C,H,0,0.067,0.0752,0.0778,0.0774,0.0791,0.0744,0.0775,0.08,0.0776,0.0787,0.0768,0.0793,0.079
0,It's very hard to shave an egg,C,H,0,0.0685,0.0756,0.0774,0.0775,0.0786,0.074,0.0783,0.0811,0.0774,0.0795,0.076,0.0796,0.0765
0,If 'ifs' and 'ans' were pots and pans there's be no work for tinkers' hands,C,H,0,0.0694,0.0759,0.0773,0.0777,0.0775,0.0737,0.0791,0.0822,0.0774,0.0797,0.0749,0.0804,0.0747
0,"Wenn das Wörtchen 'Wenn' nicht wär', wär' mancher Millionär",C,H,0,0.0676,0.0766,0.0766,0.0781,0.0773,0.0742,0.0787,0.0815,0.0771,0.0792,0.0763,0.0798,0.077
0,"Si 'sed' non esset, paradisus mundus hic esset (Latin)",C,H,0,0.0663,0.0769,0.0768,0.0774,0.0779,0.0746,0.0789,0.0819,0.0771,0.0794,0.0756,0.08,0.0773
0,Money doesn’t grow on trees,C,H,0,0.0681,0.0746,0.0776,0.0774,0.0791,0.0749,0.0781,0.0805,0.0775,0.0785,0.0765,0.08,0.0772
0,Strech your legs according to your coverlet,C,H,0,0.0672,0.0756,0.0774,0.0773,0.0775,0.075,0.079,0.0826,0.0771,0.0789,0.076,0.0797,0.0767
0,Make not your tail broader than your wings,C,H,0,0.0676,0.0751,0.0778,0.0778,0.0786,0.0747,0.0778,0.0812,0.0776,0.0785,0.0765,0.0796,0.0773
0,Cut your coat according to your cloth,C,H,0,0.0664,0.0754,0.0775,0.078,0.0782,0.0748,0.0784,0.0819,0.0773,0.0789,0.0762,0.0798,0.0773
0,Strecke dich nach der Decke,C,H,0,0.0643,0.0762,0.0772,0.0779,0.0781,0.0762,0.0777,0.0805,0.0772,0.0775,0.0778,0.079,0.0805
0,Selon le drap la robe,C,T,0,0.0635,0.0756,0.0783,0.0779,0.0794,0.0759,0.0771,0.0798,0.0779,0.0772,0.0776,0.0788,0.0809
0,Time and tide wait for no man,C,H,0,0.0661,0.0758,0.0777,0.0774,0.0785,0.0749,0.0779,0.0809,0.0779,0.0787,0.0768,0.0795,0.078
0,Time past never returns,C,H,0,0.0663,0.0748,0.0783,0.0777,0.0791,0.0749,0.0778,0.0806,0.078,0.0782,0.0767,0.0791,0.0787
0,Die Zeit steht nicht still,C,M,0,0.0674,0.0754,0.0776,0.0774,0.0791,0.0745,0.0772,0.0796,0.0776,0.0788,0.077,0.0797,0.0788
0,Vorbei ist vorbei,C,H,0,0.0643,0.0758,0.0778,0.0776,0.0789,0.0752,0.0777,0.0807,0.0773,0.078,0.0775,0.0789,0.0804
0,Perditum non redit tempus (Latin),C,H,0,0.0659,0.0767,0.0776,0.0775,0.0781,0.0745,0.078,0.0812,0.0772,0.079,0.0759,0.0799,0.0784
0,It's like drawing blood from a stone,C,H,0,0.0672,0.0754,0.0776,0.0776,0.0784,0.0744,0.0786,0.0813,0.0774,0.0787,0.0762,0.0796,0.0774
0,Aus einem Stein ist schwer Öl pressen,C,H,0,0.0657,0.0763,0.0773,0.0779,0.0786,0.0749,0.0779,0.0806,0.0773,0.0784,0.0769,0.0796,0.0785
0,Hircum mulgere (Latin),C,H,0,0.0672,0.076,0.0775,0.0776,0.0783,0.0747,0.078,0.0806,0.0773,0.0789,0.0762,0.0799,0.078
0,Tirer de l'huile d'un mur,C,H,0,0.0663,0.0759,0.0774,0.0777,0.0786,0.0751,0.0776,0.081,0.0775,0.0786,0.0767,0.0799,0.0775
0,Cavar sangue dalla rapa,C,H,0,0.0615,0.0771,0.078,0.0777,0.0785,0.0763,0.0783,0.0807,0.0774,0.0777,0.0773,0.079,0.0805
0,Hard words break no bones,C,T,0,0.0638,0.0761,0.0778,0.0777,0.0785,0.076,0.0777,0.0801,0.0777,0.0775,0.0776,0.0791,0.0803
0,Worte schlagen die Leute nicht,C,H,0,0.0672,0.0759,0.0774,0.0779,0.0789,0.075,0.0773,0.08,0.0779,0.0783,0.0768,0.0793,0.078
0,Les paroles ne tuent pas,C,H,0,0.0658,0.0756,0.0778,0.0775,0.0786,0.0747,0.0779,0.0806,0.0776,0.0785,0.0766,0.0796,0.079
0,Good words fill no sack,C,H,0,0.0646,0.0754,0.0777,0.0778,0.0788,0.0753,0.0777,0.0804,0.0777,0.0783,0.0773,0.0795,0.0794
0,"Kurze Predigt, lange Bratwurst",C,T,0,0.0599,0.0768,0.078,0.0784,0.0781,0.0782,0.0778,0.081,0.0775,0.0753,0.0782,0.0783,0.0824
0,Verba non implent marsupium (Latin),C,H,0,0.0632,0.0778,0.0776,0.078,0.0778,0.0746,0.0788,0.082,0.0772,0.0785,0.0768,0.0793,0.0784
0,Keep your thanks to feed your chickens,C,H,0,0.0678,0.0751,0.0777,0.0778,0.0786,0.0743,0.0779,0.0811,0.0779,0.0787,0.0764,0.0796,0.0773
0,Take thanks to feed your cats,C,H,0,0.0665,0.0754,0.0778,0.0776,0.0788,0.0744,0.0783,0.081,0.0775,0.0787,0.0765,0.0796,0.078
0,Mit Dank schmalzt man keine Suppe,C,H,0,0.0662,0.0765,0.0771,0.0784,0.0781,0.0747,0.0776,0.0809,0.0775,0.0785,0.0771,0.0794,0.078
0,I discorsi non fanno farina,C,H,0,0.0664,0.0754,0.0777,0.0775,0.079,0.075,0.0778,0.0802,0.0774,0.0785,0.0769,0.0798,0.0785
0,The wolf eats counted and uncounted sheep,C,H,0,0.0665,0.0755,0.0779,0.078,0.0785,0.0739,0.0783,0.0819,0.0777,0.079,0.076,0.0799,0.0769
0,Lupus ovium non curat numerum (Latin),C,H,0,0.0655,0.0771,0.0773,0.0778,0.0781,0.0747,0.0782,0.0815,0.0772,0.0789,0.0761,0.0796,0.0778
0,Once is no rule,C,H,0,0.0664,0.0753,0.0777,0.0776,0.0789,0.075,0.0775,0.0796,0.0774,0.0787,0.0773,0.0791,0.0795
0,Une fois ne compte pas,C,H,0,0.0669,0.0753,0.0776,0.0773,0.079,0.0746,0.0773,0.08,0.0775,0.0787,0.077,0.0799,0.0789
0,Una volta non fa usanza,C,H,0,0.0654,0.0755,0.0778,0.0776,0.079,0.0749,0.0777,0.0802,0.0776,0.0783,0.0772,0.0793,0.0795
0,The frog burst when it tried to make itself as big as a bull,C,H,0,0.0683,0.0755,0.0776,0.0774,0.0783,0.0735,0.0784,0.0815,0.0778,0.0794,0.076,0.0802,0.0761
0,A small spark may make a great fire,C,H,0,0.067,0.0752,0.0778,0.0774,0.0789,0.0742,0.0777,0.0805,0.0777,0.0787,0.0768,0.0797,0.0785
0,Aus einem kleinen Funken wird oft ein grosses Feuer,C,H,0,0.0674,0.0758,0.0773,0.0778,0.0789,0.0742,0.0778,0.0805,0.0775,0.0788,0.0767,0.0797,0.0777
0,He that steals an egg will steal an ox,C,H,0,0.0657,0.0756,0.0773,0.0778,0.078,0.0749,0.0786,0.0826,0.0782,0.0787,0.0759,0.0796,0.0772
0,"Wer ein Kalb stiehlt, stielhlt eine Kuh",C,H,0,0.0661,0.0762,0.0772,0.0781,0.0778,0.0744,0.0783,0.0809,0.0771,0.0792,0.0771,0.0792,0.0784
0,"Qui vitulun tollit, taurum subduxerit idem (Latin)",C,H,0,0.0655,0.0768,0.0772,0.078,0.0777,0.0749,0.0785,0.082,0.077,0.0791,0.076,0.0798,0.0773
0,"The bird is known by its note, the man by his words",C,H,0,0.0678,0.0755,0.0777,0.0774,0.0786,0.0735,0.0783,0.0814,0.0771,0.0794,0.0761,0.0798,0.0774
0,"Den Vogel am Gesange, den Hafen am Klange",C,H,0,0.0649,0.0763,0.0773,0.078,0.0779,0.0754,0.0783,0.0816,0.0775,0.0782,0.0768,0.0792,0.0785
0,"Al cantare l'uccello, al parlare il cervello",C,H,0,0.0677,0.0763,0.0769,0.077,0.0785,0.0745,0.078,0.0806,0.0772,0.0794,0.0763,0.0804,0.0772
0,A bird is known by its flight,C,H,0,0.0671,0.0755,0.0778,0.0774,0.0787,0.0741,0.0778,0.0807,0.0777,0.0788,0.0766,0.0797,0.0782
0,As the man is so is his talk,C,H,0,0.0661,0.0763,0.0777,0.0775,0.0785,0.0743,0.0777,0.0808,0.0779,0.0787,0.0769,0.0794,0.0783
0,Den Fuchs erkennt man an den Ohren,C,H,0,0.0669,0.0755,0.0774,0.078,0.0785,0.0747,0.0777,0.0808,0.078,0.0787,0.0765,0.0797,0.0776
0,Avis a cantu dignoscitur (Latin),C,H,0,0.066,0.0762,0.0773,0.0779,0.0784,0.075,0.0781,0.0808,0.0773,0.0788,0.0764,0.0794,0.0784
0,It is easy to be brave from a safe distance,C,H,0,0.0676,0.0755,0.0778,0.0775,0.0786,0.0736,0.0778,0.081,0.0776,0.0791,0.0764,0.08,0.0775
0,Hinter dem Ofen ist gut Krieger sein,C,H,0,0.0648,0.0759,0.0779,0.0778,0.0786,0.0749,0.0781,0.0814,0.0772,0.0783,0.0766,0.0792,0.0792
0,Molti son bravi quando l'inimico fugge,C,H,0,0.0602,0.0792,0.0777,0.0784,0.0778,0.0755,0.0788,0.0838,0.0771,0.0779,0.0766,0.0793,0.0776
0,Beware of a silent dog and still water,C,H,0,0.0654,0.0763,0.0775,0.0779,0.0782,0.076,0.0778,0.0807,0.0772,0.0779,0.0766,0.0792,0.0793
0,Stille Hunde und stille Wasser sind gefährlich,C,H,0,0.0668,0.0763,0.077,0.0776,0.0781,0.0766,0.0775,0.08,0.0778,0.0778,0.0768,0.0791,0.0784
0,A cane muto et aqua silente cave tibi (Latin),C,H,0,0.0665,0.0768,0.0771,0.0772,0.0778,0.0752,0.0783,0.0816,0.0767,0.0792,0.0758,0.0801,0.0777
0,Many kiss the child for the nurse's sake,C,H,0,0.0675,0.0753,0.0782,0.0776,0.0782,0.074,0.0793,0.0822,0.0769,0.0792,0.0757,0.0796,0.0762
0,Das Kind Streicheln und die Mutter meinen,C,H,0,0.0672,0.0764,0.0771,0.0782,0.0771,0.0759,0.0784,0.0805,0.0773,0.0785,0.0765,0.0794,0.0773
0,Oscula nutrici pueri dant eius amici (Latin),C,H,0,0.0635,0.0782,0.0775,0.0779,0.0772,0.0752,0.0788,0.0822,0.0768,0.0793,0.0756,0.0804,0.0774
0,Por la madre se pesa al infante,C,H,0,0.0653,0.0764,0.0776,0.0775,0.0783,0.0756,0.0776,0.0805,0.0775,0.0787,0.0768,0.0793,0.0789
0,He that makes himself an ass must not take it ill if men ride him,C,H,0,0.0675,0.0755,0.0775,0.0773,0.0786,0.0738,0.0778,0.0813,0.0777,0.0792,0.0763,0.08,0.0774
0,Make yourself a sheep and the wolf will eat you,C,H,0,0.0668,0.0756,0.0779,0.0777,0.0786,0.0738,0.078,0.0813,0.0777,0.0791,0.0764,0.0796,0.0775
0,"Esel dulden stumm, allzu gut ist dumm",C,H,0,0.0643,0.0768,0.0774,0.0781,0.0776,0.075,0.0781,0.0814,0.0772,0.0789,0.0771,0.0789,0.079
0,"Qui se fait bête, le loup le mange",C,H,0,0.0664,0.0757,0.0771,0.0773,0.0786,0.0741,0.078,0.0813,0.0773,0.0789,0.0769,0.0798,0.0787
0,A saint's words and a cat's claws,C,H,0,0.0676,0.0757,0.0775,0.078,0.0781,0.0739,0.079,0.0822,0.0774,0.0793,0.0756,0.0796,0.0761
0,The cross on his breast and the devil in his heart,C,H,0,0.0668,0.0757,0.0776,0.0777,0.0788,0.074,0.0779,0.0808,0.0777,0.0788,0.0767,0.0795,0.0781
0,"Worte eines Heiligen, Klauen einer Katze",C,H,0,0.0663,0.0762,0.0774,0.0782,0.0776,0.0749,0.078,0.081,0.0776,0.0791,0.0767,0.0793,0.0778
0,Fair words and foul deeds,C,H,0,0.0648,0.076,0.0776,0.0778,0.078,0.0754,0.078,0.0814,0.0781,0.0783,0.0763,0.0795,0.0786
0,Fine words dress ill deeds,C,H,0,0.0638,0.0765,0.0778,0.078,0.0784,0.0753,0.0782,0.0815,0.0777,0.0779,0.0769,0.079,0.0792
0,"Samtweiche Worte, harte Taten",C,H,0,0.0642,0.077,0.0769,0.0788,0.0769,0.0765,0.0784,0.0819,0.0771,0.0783,0.0761,0.0795,0.0785
0,Bella promessa lega il matto,C,H,0,0.0655,0.0757,0.0778,0.0779,0.0787,0.0754,0.0775,0.0803,0.0773,0.0779,0.0769,0.0793,0.0798
0,Clothes make the man,C,H,0,0.0665,0.0751,0.0778,0.0775,0.0789,0.0743,0.0779,0.0806,0.0777,0.0787,0.0768,0.0793,0.0789
0,Nine tailors make a man,C,H,0,0.0646,0.077,0.0775,0.0777,0.0782,0.0746,0.078,0.0816,0.0773,0.0789,0.0763,0.0796,0.0787
0,Better to be than to seem good,C,H,0,0.0674,0.0752,0.0777,0.0773,0.0793,0.0743,0.0774,0.0803,0.0775,0.0787,0.0766,0.0798,0.0784
0,Besser sein als scheinen,C,H,0,0.0652,0.0761,0.0775,0.0779,0.0784,0.0754,0.0776,0.0806,0.0776,0.0781,0.0769,0.0795,0.0792
0,Meglio essere che sembrare,C,H,0,0.0635,0.0761,0.0776,0.0776,0.0787,0.0755,0.0778,0.0809,0.0774,0.0782,0.0775,0.0791,0.0801
0,Wisdom sometimes walks in clouted shoes,C,H,0,0.0651,0.0758,0.0775,0.078,0.0786,0.0751,0.078,0.0812,0.0775,0.0786,0.0767,0.0792,0.0787
0,Beau noyau gît sous faible écorce,C,H,0,0.0629,0.0767,0.0775,0.0778,0.0777,0.0762,0.0776,0.0814,0.0778,0.0782,0.0773,0.0795,0.0793
0,No rose without a thorn,C,H,0,0.0655,0.0756,0.0776,0.0777,0.0788,0.0749,0.0778,0.0807,0.0775,0.0787,0.0769,0.0794,0.0791
0,Keine Rose ohne Dornen,C,T,0,0.0607,0.0771,0.0777,0.0777,0.0783,0.076,0.0785,0.0808,0.0767,0.0775,0.0779,0.0794,0.0816
0,Urticae proxima saepe rosa est (Latin),C,H,0,0.0658,0.0772,0.0771,0.0774,0.0779,0.0751,0.079,0.0816,0.0766,0.0788,0.0758,0.0801,0.0776
0,"Não há rosa sem espinhos, nem mel sem abelha, nem formosa sem senão (Portuguese)",C,H,0,0.0671,0.077,0.0766,0.0779,0.0777,0.074,0.0788,0.0814,0.0774,0.0802,0.0757,0.0799,0.0763
0,Beauty will buy no beef,C,H,0,0.0664,0.0756,0.0772,0.0779,0.0783,0.0753,0.0773,0.0805,0.0783,0.0775,0.0774,0.0795,0.0788
0,Schönheit nähret nicht,C,H,0,0.0655,0.0753,0.0775,0.0775,0.0786,0.0755,0.0773,0.0799,0.0778,0.0782,0.0777,0.0796,0.0796
0,Non est forma satis (Latin),C,H,0,0.0668,0.0763,0.0773,0.0776,0.0785,0.0743,0.0779,0.0803,0.0772,0.0789,0.0768,0.0798,0.0785
0,"All the world's a stage, and all the men and women merely players",D,H,0,0.0686,0.0756,0.078,0.0774,0.0779,0.0732,0.0787,0.0818,0.077,0.0798,0.076,0.0797,0.0762
0,Teatro è il mondo e l'uomo è marionetta,D,H,0,0.0664,0.0769,0.0774,0.0772,0.078,0.0749,0.0786,0.081,0.0774,0.0788,0.0762,0.0798,0.0772
0,A pot oft sent to the well is broken at last,D,H,0,0.0672,0.0752,0.0779,0.0777,0.079,0.0736,0.0781,0.0811,0.0775,0.0789,0.0765,0.0797,0.0777
0,Tant va la cruche à l'eau qu'à la fin elle se brise,D,H,0,0.067,0.0765,0.0769,0.0774,0.0782,0.0742,0.0778,0.082,0.0772,0.0789,0.0762,0.081,0.0766
0,"Vaso che va spesso al fonte, ci lascia il manico o la fronte",D,H,0,0.0671,0.0765,0.0768,0.077,0.0784,0.0739,0.0784,0.0814,0.0772,0.0793,0.0765,0.0802,0.0775
0,Every man has his own style like his own nose,D,H,0,0.0674,0.0755,0.0778,0.0773,0.078,0.074,0.078,0.0815,0.078,0.0789,0.0764,0.0798,0.0775
0,Der Stil ist der Mensch selbst,D,H,0,0.067,0.0756,0.0773,0.0776,0.0789,0.0749,0.0773,0.08,0.0778,0.0783,0.077,0.0794,0.0788
0,Stylus virum arguit (Latin),D,H,0,0.0661,0.0764,0.0773,0.0777,0.0783,0.0748,0.0778,0.081,0.0775,0.0787,0.0763,0.0798,0.0782
0,Le style est l'homme même,D,H,0,0.0672,0.0755,0.0775,0.0773,0.079,0.0744,0.0774,0.0804,0.0775,0.0788,0.0768,0.0802,0.0778
0,Every man to his trade,D,H,0,0.0677,0.0753,0.0777,0.0772,0.079,0.0743,0.0772,0.08,0.0779,0.0786,0.0767,0.0798,0.0785
0,Fire and flax agree not,D,H,0,0.0661,0.0757,0.0777,0.0777,0.0789,0.0749,0.0775,0.0804,0.0773,0.0787,0.077,0.0793,0.079
0,Fire is not to be quenched with tow,D,H,0,0.0673,0.075,0.0777,0.0777,0.0788,0.0742,0.0776,0.0809,0.0778,0.0787,0.0766,0.0799,0.0778
0,"To the happy, time is swift",D,H,0,0.0675,0.075,0.0776,0.0776,0.0791,0.0742,0.0779,0.0806,0.0777,0.0789,0.0764,0.0796,0.0779
0,Dem Glüglichen schlägt keine Stunde,D,H,0,0.064,0.0763,0.0775,0.0784,0.0782,0.0753,0.0778,0.0815,0.0776,0.0783,0.0774,0.079,0.0788
0,Las personas felices no miran las horas,D,H,0,0.0661,0.0755,0.0779,0.0775,0.0786,0.0744,0.078,0.0806,0.0776,0.0789,0.0766,0.0796,0.0788
0,Sorrow will pay no debt,D,H,0,0.0654,0.0762,0.0774,0.0774,0.0786,0.0755,0.078,0.08,0.0778,0.0778,0.0769,0.0796,0.0793
0,Hundert Phund Sorge bezahlt kein Lot Schulden,D,H,0,0.0647,0.0777,0.0768,0.0782,0.0769,0.0762,0.0787,0.0817,0.0779,0.078,0.0761,0.0793,0.0777
0,La mélancolie ne paie pas de dettes,D,H,0,0.0644,0.0772,0.0774,0.0776,0.0781,0.0747,0.0787,0.0819,0.0774,0.0789,0.0759,0.0799,0.078
0,To weep is to make less the depth of grief,D,H,0,0.0668,0.0757,0.0777,0.0779,0.0786,0.0739,0.0781,0.082,0.078,0.0788,0.0761,0.0795,0.0768
0,Weinen ist eine Erleichterung,D,H,0,0.0658,0.0759,0.0773,0.078,0.0784,0.0744,0.0776,0.0806,0.0781,0.0784,0.0774,0.0791,0.0788
0,Habet lacrimas magna voluptas (Latin),D,H,0,0.0664,0.0766,0.0772,0.0776,0.0783,0.0746,0.0781,0.0806,0.0771,0.0789,0.0766,0.0797,0.0782
0,Need makes the naked man run,D,H,0,0.0661,0.0752,0.0779,0.0774,0.0788,0.0745,0.0777,0.0806,0.0778,0.0785,0.077,0.0795,0.0789
0,Der Hunger lehrt geigen,D,H,0,0.0662,0.076,0.0776,0.0779,0.0791,0.0752,0.0771,0.0801,0.0784,0.0779,0.0769,0.0793,0.0783
0,"Besoin fait vieille trotter, et l'endormi réveiller",D,H,0,0.067,0.0767,0.0764,0.0769,0.078,0.0744,0.0781,0.0825,0.077,0.0793,0.0764,0.0802,0.0771
0,Il bisogno fa trottar la vecchia,D,H,0,0.0643,0.0762,0.078,0.0779,0.0787,0.0745,0.0778,0.0807,0.0776,0.0785,0.0771,0.0795,0.0793
0,"Play, women and wine undo men laughing",D,H,0,0.0667,0.076,0.078,0.0773,0.0777,0.0754,0.078,0.0816,0.0774,0.0788,0.0769,0.0791,0.0771
0,"Where one feels pain, there will he keep his hand",D,H,0,0.0681,0.0755,0.0775,0.0774,0.0788,0.0737,0.078,0.0805,0.0774,0.0791,0.0766,0.0795,0.0778
0,"Die Zunge geht dahin, wo der Zahn schmerzt",D,H,0,0.068,0.0757,0.0769,0.0775,0.0785,0.0747,0.0781,0.0803,0.0777,0.0787,0.0768,0.0796,0.0773
0,"Ubi dolor, ibi manus (Latin)",D,H,0,0.0663,0.076,0.0775,0.0776,0.078,0.0751,0.0782,0.0806,0.077,0.0788,0.0763,0.08,0.0786
0,"Allá va lengua, do duele la muela",D,H,0,0.0625,0.0772,0.0779,0.0776,0.0782,0.0747,0.0793,0.0818,0.0766,0.0792,0.0769,0.078,0.0801
0,A good hunger is the best sauce,D,H,0,0.0671,0.0752,0.0778,0.0776,0.0792,0.0744,0.0775,0.0804,0.0778,0.0786,0.0767,0.0795,0.0783
0,A good appetite needs no sauce,D,H,0,0.0658,0.0756,0.0778,0.0777,0.0787,0.0748,0.0774,0.0802,0.0778,0.0784,0.0772,0.0792,0.0794
0,Cibi condimentum esse fames (Latin),D,H,0,0.0655,0.0774,0.0771,0.0778,0.0779,0.0749,0.0786,0.0813,0.0769,0.0787,0.0759,0.0796,0.0784
0,L'appétit est le meilleur assaisonnement,D,H,0,0.0665,0.0756,0.0768,0.0768,0.0791,0.0746,0.0777,0.0816,0.0778,0.0787,0.0768,0.0804,0.0775
0,Appetito non vuol salsa,D,T,0,0.0603,0.0766,0.0781,0.0778,0.0782,0.0765,0.078,0.0813,0.0773,0.0774,0.0782,0.0789,0.0813
0,Better some of the pudding than none of a pie,D,H,0,0.0664,0.0759,0.0779,0.0777,0.0786,0.0744,0.0782,0.0822,0.0774,0.0787,0.0762,0.0793,0.0772
0,Any port in a storm,D,M,0,0.0674,0.0748,0.0777,0.0776,0.0793,0.0753,0.0769,0.0794,0.0778,0.0782,0.077,0.0795,0.0791
0,In der Not frisst der Teufel Fliegen,D,H,0,0.0647,0.0774,0.0769,0.0782,0.0781,0.0752,0.0782,0.0816,0.0776,0.0782,0.0766,0.0793,0.0781
0,"Faute de grives, on mange des merles",D,H,0,0.0648,0.0766,0.0773,0.0778,0.0775,0.0755,0.0785,0.0818,0.0775,0.0784,0.0767,0.0794,0.0783
0,"When the mouse has had enough, the meal is bitter",D,H,0,0.0675,0.0751,0.0779,0.0776,0.079,0.0736,0.0784,0.0812,0.0771,0.0794,0.0763,0.0795,0.0775
0,To a full belly all meat is bad,D,H,0,0.0667,0.0755,0.078,0.078,0.0782,0.0737,0.0787,0.0825,0.0774,0.0792,0.0758,0.08,0.0763
0,"Wenn das Maus satt ist, schmect das Mehl bitter",D,H,0,0.0672,0.0766,0.0763,0.0784,0.0773,0.0744,0.0789,0.0812,0.0765,0.0797,0.0769,0.0793,0.0772
0,Satietas parit nauseam (Latin),D,H,0,0.0664,0.0768,0.0773,0.0778,0.0778,0.0747,0.0783,0.0815,0.0771,0.079,0.0759,0.0802,0.0773
0,Content is more than a kingdom,D,H,0,0.0651,0.0758,0.0777,0.0777,0.0787,0.0749,0.0774,0.081,0.0777,0.0782,0.0772,0.0792,0.0793
0,Contentment is the greatest wealth,D,H,0,0.0656,0.0757,0.0777,0.0779,0.0787,0.0748,0.0774,0.0809,0.0778,0.0783,0.0771,0.079,0.0791
0,Der Zufriedene nur ist glücklich,D,H,0,0.0636,0.0765,0.078,0.0779,0.0788,0.0754,0.0777,0.0807,0.0774,0.0778,0.0773,0.0789,0.0801
0,Chi si contenta gode,D,T,0,0.0604,0.077,0.0782,0.0772,0.0791,0.0781,0.0776,0.0808,0.0767,0.0765,0.0775,0.0786,0.0823
0,What's got over the devil's back is bent under his belly,D,H,0,0.0682,0.0755,0.078,0.0777,0.0783,0.0729,0.0794,0.082,0.0769,0.0797,0.0758,0.08,0.0757
0,Much would have more,D,H,0,0.0668,0.0755,0.0776,0.0772,0.0792,0.0748,0.0774,0.0797,0.0773,0.0787,0.0772,0.0795,0.0791
0,No pride like that of an enriched beggar,D,H,0,0.0656,0.0761,0.0776,0.0779,0.0787,0.0744,0.0783,0.0818,0.0776,0.0787,0.0763,0.0794,0.0776
0,"Gut macht Übermut, Übermut tut selten gut",D,H,0,0.0655,0.0758,0.0773,0.0782,0.0785,0.0749,0.078,0.081,0.0777,0.0784,0.0769,0.0793,0.0787
0,"Ubi uber, ibi tuber (Latin)",D,H,0,0.0673,0.0761,0.077,0.0781,0.0778,0.0753,0.0782,0.0812,0.0773,0.0789,0.0755,0.0798,0.0775
0,Moderation in all things,D,H,0,0.0653,0.0756,0.0779,0.0777,0.0791,0.0751,0.0776,0.0801,0.0777,0.0783,0.0769,0.0793,0.0795
0,"The best physicians are Dr Diet, Dr Quiet and Dr Merryman",D,H,0,0.0682,0.0758,0.0768,0.0774,0.0778,0.0751,0.0785,0.0817,0.078,0.0786,0.0759,0.0794,0.0767
0,Alles mit Mass,D,T,0,0.0644,0.0747,0.0785,0.0774,0.0795,0.0761,0.0773,0.0797,0.0777,0.0773,0.0778,0.0784,0.0811
0,"Vita quieta, mente lieta, moderata dieta",D,T,0,0.0572,0.0785,0.0779,0.0776,0.0778,0.0796,0.078,0.0818,0.0773,0.0752,0.0779,0.0774,0.0837
0,De mensa sobrius esto (Latin),D,H,0,0.065,0.0777,0.0774,0.0775,0.0779,0.0747,0.0785,0.0811,0.0769,0.0788,0.0764,0.0797,0.0784
0,Greediness bursts the bag,D,H,0,0.0671,0.0752,0.0776,0.0779,0.0783,0.0747,0.0779,0.0809,0.0778,0.079,0.0761,0.0794,0.078
0,Geiz zerreisst den Sack,D,H,0,0.0661,0.076,0.0777,0.078,0.0783,0.0746,0.0778,0.0809,0.078,0.0787,0.0761,0.0797,0.0781
0,Aviditas malum facit (Latin),D,H,0,0.0665,0.0765,0.0774,0.0777,0.0782,0.0743,0.0782,0.0809,0.0771,0.0788,0.0764,0.0798,0.0784
0,Too much honey cloys the stomach,D,H,0,0.0642,0.0759,0.0779,0.0777,0.0787,0.0753,0.0778,0.0805,0.0773,0.0781,0.0772,0.0793,0.0802
0,Zu viel Honig ist bitter,D,H,0,0.0635,0.0758,0.0783,0.0778,0.0789,0.0755,0.0777,0.0805,0.0774,0.0778,0.0775,0.0791,0.0804
0,Habet et mel satiatem,D,H,0,0.063,0.0767,0.0778,0.0781,0.0783,0.0752,0.0783,0.0819,0.0776,0.0781,0.0765,0.0793,0.0793
0,To bite off more than one can chew,D,H,0,0.0656,0.0757,0.0777,0.0778,0.079,0.0745,0.078,0.0814,0.0772,0.0786,0.0767,0.0798,0.078
0,A fat kitchen is near to poverty,D,H,0,0.0673,0.0753,0.0775,0.0777,0.0788,0.0746,0.0775,0.0803,0.0775,0.0788,0.0766,0.0797,0.0785
0,"Fette Küche, nahe Armut",D,H,0,0.0646,0.0768,0.0773,0.0784,0.0778,0.0755,0.0778,0.0812,0.0776,0.0781,0.077,0.0792,0.0787
0,It's by the mouth of the cow that the milk comes,D,H,0,0.0681,0.0753,0.0777,0.0775,0.0789,0.0733,0.0783,0.0811,0.0774,0.0792,0.0762,0.0799,0.0771
0,Die Kühe melkt man durch den Hals,D,H,0,0.0658,0.0765,0.0772,0.0782,0.0786,0.0748,0.0778,0.0808,0.0775,0.0784,0.0766,0.08,0.0777
0,Le galline fanno l'uova dal becco,D,H,0,0.0658,0.0761,0.0776,0.0775,0.0784,0.0745,0.0778,0.0807,0.0775,0.0788,0.0769,0.0797,0.0785
0,The proof of the pudding is in the eating,D,H,0,0.0674,0.075,0.078,0.0777,0.079,0.074,0.0778,0.0812,0.0776,0.0787,0.0765,0.0797,0.0774
0,A good wine needs no sign,D,H,0,0.0662,0.0754,0.0777,0.0777,0.0789,0.0747,0.0772,0.0803,0.0779,0.0783,0.0774,0.0794,0.079
0,À bon vin ne faut point d'enseigne,D,H,0,0.0652,0.0764,0.0778,0.0774,0.0786,0.0746,0.0783,0.0824,0.077,0.0774,0.0777,0.0792,0.0781
0,Appetite comes with eating,D,H,0,0.0661,0.0752,0.0778,0.0777,0.0786,0.0753,0.077,0.0808,0.078,0.0781,0.0767,0.0798,0.0787
0,Der Appetit kommt beim Essen,D,T,0,0.0649,0.076,0.0776,0.0777,0.079,0.0756,0.077,0.0802,0.0776,0.0778,0.0775,0.079,0.0802
0,L'appétit vient en mangeant,D,H,0,0.064,0.0766,0.0776,0.0785,0.0784,0.0754,0.0777,0.0814,0.078,0.0778,0.0767,0.0797,0.0782
0,El apetito viene con la comida,D,H,0,0.0643,0.0762,0.0778,0.0776,0.079,0.0749,0.0779,0.0806,0.0773,0.0785,0.0772,0.0793,0.0794
0,Drunkenness reveals what soberness conceals,D,H,0,0.0664,0.0751,0.078,0.0778,0.0786,0.0739,0.0781,0.0816,0.078,0.0787,0.0764,0.0795,0.0778
0,Trunkener Mund spricht aus Herzens Grund,D,H,0,0.065,0.0766,0.0771,0.0783,0.0782,0.076,0.0783,0.0809,0.0773,0.078,0.0767,0.079,0.0786
0,Le vin délie la langue,D,H,0,0.065,0.0764,0.0778,0.0777,0.0788,0.0753,0.0779,0.0817,0.0775,0.0773,0.0771,0.079,0.0785
0,It happens in an hour that happens not in seven years,E,H,0,0.0671,0.075,0.0777,0.0777,0.0789,0.0748,0.0777,0.0802,0.0775,0.0785,0.0767,0.0797,0.0786
0,"Ein Tag kann bringen, was ein Jahr nicht bringen mag",E,H,0,0.0682,0.0752,0.0774,0.0775,0.0786,0.0741,0.0778,0.0801,0.0774,0.0792,0.0769,0.0796,0.078
0,"Accidit in puncto, quod non contingit in anno (Latin)",E,H,0,0.0663,0.0768,0.0772,0.0772,0.0781,0.0742,0.0784,0.0812,0.0773,0.0792,0.0764,0.0802,0.0776
0,The exception proves the rule,E,H,0,0.0675,0.0752,0.0777,0.0775,0.0791,0.0741,0.0776,0.08,0.0776,0.0789,0.0767,0.0795,0.0786
0,Ausnahmen bestätigen die Regel,E,H,0,0.0675,0.0749,0.0776,0.0774,0.0789,0.0747,0.0776,0.0798,0.0775,0.0789,0.0771,0.0795,0.0787
0,Exceptio probat regulam (Latin),E,H,0,0.0661,0.0763,0.0773,0.0777,0.0783,0.075,0.0781,0.081,0.0772,0.0788,0.0765,0.0798,0.078
0,Chaque exception confirme la règle,E,H,0,0.0674,0.075,0.0778,0.0778,0.0793,0.0744,0.0774,0.0797,0.0778,0.0785,0.0768,0.0792,0.0788
0,L'eccezione conferma la regola,E,M,0,0.0685,0.0754,0.0774,0.0775,0.079,0.0744,0.0774,0.0797,0.0776,0.0791,0.0765,0.08,0.0775
0,The best cloth may have a moth in it,E,H,0,0.0671,0.075,0.0781,0.0779,0.0789,0.0735,0.0782,0.0816,0.0776,0.0789,0.0765,0.0797,0.0771
0,Good swimmers at last are drowned,E,H,0,0.0656,0.0761,0.0777,0.0778,0.0783,0.0748,0.0777,0.0806,0.0774,0.0784,0.0769,0.0795,0.079
0,Die besten schwimmer ertrinken,E,H,0,0.0636,0.0768,0.0769,0.0784,0.0779,0.0761,0.0784,0.0817,0.0773,0.0777,0.0774,0.0792,0.0785
0,"Optimi natatores submengutur meliores, sic et scansores collum fragunt meliores (Latin)",E,H,0,0.0666,0.0775,0.0764,0.0773,0.0772,0.0751,0.0798,0.0818,0.0768,0.0793,0.0752,0.0799,0.077
0,Better half an egg than an empty shell,E,T,0,0.0639,0.0764,0.0777,0.0776,0.0789,0.0767,0.077,0.08,0.0772,0.0774,0.0773,0.0789,0.0809
0,In der Not frisst der Teufel Fliegen,E,H,0,0.0647,0.0774,0.077,0.0781,0.0781,0.0752,0.0782,0.0816,0.0776,0.0782,0.0766,0.0793,0.0781
0,Better late than never,E,H,0,0.0639,0.0765,0.0779,0.0777,0.0785,0.0757,0.0777,0.0804,0.077,0.0781,0.0772,0.0789,0.0804
0,It is never too late to mend,E,H,0,0.0652,0.0763,0.0776,0.0775,0.0788,0.0747,0.078,0.0808,0.077,0.0787,0.0766,0.0795,0.0793
0,Zur Bässerung ist es nie zu spät,E,H,0,0.0649,0.0758,0.0778,0.0777,0.079,0.075,0.0776,0.0805,0.0774,0.0784,0.0772,0.0792,0.0796
0,Mai troppo tardi per far bene,E,H,0,0.0655,0.0754,0.0777,0.0777,0.0789,0.075,0.0777,0.0801,0.0774,0.0785,0.0771,0.0795,0.0797
0,Potius sero quam nunquam (Latin),E,H,0,0.0653,0.0768,0.0775,0.0778,0.0784,0.0748,0.0783,0.0817,0.0771,0.0787,0.0761,0.0797,0.0779
0,The cow does not know what her tail is worth until she has lost it,E,H,0,0.0683,0.0758,0.0773,0.0776,0.0783,0.0735,0.0783,0.0814,0.0777,0.0792,0.076,0.08,0.0765
0,"L'asino non conosce la coda, se non qundo non l'ha più",E,M,0,0.07,0.0755,0.0764,0.077,0.0784,0.0738,0.0778,0.0802,0.0774,0.0802,0.076,0.0805,0.0768
0,A drowning man plucks at a straw,E,H,0,0.0656,0.0761,0.0776,0.0779,0.0783,0.0746,0.0779,0.0813,0.0778,0.0784,0.0766,0.0798,0.0781
0,As sure to hold as an eel by the tail,E,H,0,0.0657,0.0761,0.0774,0.0777,0.0787,0.0744,0.0781,0.0813,0.0777,0.0789,0.0763,0.0797,0.078
0,Piglia l'anguilla per la coda,E,H,0,0.0645,0.0773,0.0773,0.0778,0.0783,0.0749,0.0781,0.0812,0.0771,0.0785,0.0769,0.08,0.078
0,A great ceremony for a small saint,E,H,0,0.0661,0.0757,0.0777,0.0776,0.0784,0.0747,0.0779,0.0813,0.0777,0.0787,0.0767,0.0797,0.0778
0,To every saint his candle,E,H,0,0.0665,0.0754,0.0777,0.0776,0.0788,0.074,0.0781,0.0818,0.0776,0.0785,0.0765,0.0795,0.0779
0,Nach dem Manne brät man die Wurst,E,H,0,0.0644,0.0769,0.0776,0.0777,0.0778,0.0753,0.0776,0.0807,0.0772,0.0786,0.0772,0.0795,0.0796
0,"Selon le saint, l'encens",E,H,0,0.0665,0.0757,0.0772,0.0775,0.0789,0.0743,0.0776,0.081,0.0778,0.0788,0.0768,0.0798,0.078
0,None is too old for love,E,H,0,0.0642,0.0759,0.078,0.0777,0.0784,0.0749,0.0783,0.0811,0.0772,0.0789,0.077,0.0791,0.0793
0,An old cat laps as much milk as a young kitten,E,H,0,0.0659,0.0764,0.0779,0.0779,0.0773,0.075,0.079,0.0819,0.0779,0.0784,0.076,0.0799,0.0765
0,Old pottage is sooner heated than the new made,E,H,0,0.067,0.0754,0.0779,0.0779,0.0782,0.0743,0.0779,0.0815,0.0775,0.0786,0.0764,0.0799,0.0775
0,Le cœur ne vieillit pas,E,H,0,0.0645,0.0762,0.0775,0.0776,0.0784,0.0751,0.078,0.0811,0.0775,0.0785,0.0772,0.0794,0.0789
0,"Kein Vogel fliegt so hoch, er kommt wieder auf die Erde",E,H,0,0.0675,0.076,0.0772,0.0774,0.0782,0.0744,0.0781,0.0805,0.0773,0.0792,0.0767,0.0794,0.0781
0,Crooked logs make straight fires,E,H,0,0.0652,0.0755,0.0782,0.0782,0.0783,0.0741,0.0789,0.0826,0.0777,0.0788,0.076,0.079,0.0775
0,Krummes Hoz gibt auch gerades Feuer,E,H,0,0.0644,0.0771,0.0768,0.0787,0.0765,0.0763,0.079,0.0817,0.0768,0.0782,0.077,0.0793,0.0783
0,Anche la legna storta dà fuogo diritto,E,H,0,0.0638,0.0771,0.0776,0.0771,0.0774,0.0758,0.0789,0.0817,0.0774,0.078,0.0766,0.0794,0.0792
0,Where there is an advantage there is also a disadvantage trl. Japanese,E,H,0,0.0691,0.0756,0.0769,0.0775,0.0782,0.074,0.0781,0.081,0.0774,0.0795,0.0761,0.0799,0.0767
0,Where there is an advantage there is also a disadvantage,E,H,0,0.0679,0.0754,0.0775,0.0774,0.0781,0.0741,0.0781,0.0816,0.0776,0.0793,0.0759,0.0801,0.0771
0,Do not cry for the moon,E,M,0,0.0682,0.0749,0.0776,0.0773,0.0791,0.0745,0.0772,0.0798,0.0776,0.0788,0.0767,0.0799,0.0783
0,Look high and fall low,E,H,0,0.0665,0.0755,0.0778,0.0776,0.079,0.0751,0.0776,0.0799,0.0776,0.0782,0.0769,0.0794,0.0789
0,Greife nicht nach den Sternen,E,H,0,0.064,0.0763,0.0774,0.0779,0.0786,0.0754,0.0781,0.0812,0.0773,0.0778,0.0771,0.0794,0.0794
0,"Wer stets zu den Sternen aufblickt, wird bald auf der Nase liegen",E,H,0,0.0673,0.0774,0.076,0.0784,0.0768,0.0744,0.079,0.0809,0.0765,0.0798,0.0769,0.0795,0.0771
0,Il ne faut pas demander la lune,E,H,0,0.0673,0.0758,0.0774,0.0771,0.0786,0.0744,0.0774,0.0807,0.078,0.079,0.0766,0.0799,0.0776
0,The ass was invited to a wedding to carry wood or water,E,H,0,0.0679,0.0761,0.0778,0.0774,0.0776,0.0739,0.0785,0.082,0.0775,0.0792,0.0758,0.08,0.0762
0,"Man lädt den Esel nicht zu Hof, denn daß er Säcke trage",E,H,0,0.0671,0.0762,0.077,0.0779,0.0782,0.0743,0.0778,0.081,0.0774,0.0792,0.0766,0.0797,0.0774
0,Asinus in aula fovetur solum propter saccos portandos (Latin),E,H,0,0.0655,0.0772,0.0773,0.0774,0.0776,0.0741,0.0788,0.0819,0.077,0.0793,0.0758,0.08,0.0779
0,Better an ass that carries us than a horse that throws us,E,H,0,0.067,0.0762,0.0776,0.0778,0.0784,0.0738,0.0787,0.0821,0.078,0.079,0.0758,0.0794,0.0762
